aid	scene_pred	scene_label	airport	bus	metro	metro_station	park	public_square	shopping_mall	street_pedestrian	street_traffic	tram
airport-lisbon-1175-44106	airport	airport	0.766	0.000	0.001	0.152	0.000	0.000	0.070	0.011	0.000	0.001
airport-lisbon-1175-44186	airport	airport	0.537	0.000	0.001	0.429	0.000	0.000	0.030	0.001	0.000	0.002
airport-lisbon-1175-44210	airport	airport	0.546	0.000	0.000	0.003	0.000	0.000	0.440	0.008	0.000	0.001
airport-lisbon-1175-44233	shopping_mall	airport	0.395	0.000	0.000	0.004	0.000	0.000	0.589	0.010	0.000	0.001
airport-lisbon-1175-44296	shopping_mall	airport	0.306	0.000	0.001	0.003	0.000	0.000	0.678	0.011	0.000	0.001
airport-lisbon-1175-44606	airport	airport	0.681	0.000	0.002	0.016	0.000	0.001	0.254	0.041	0.000	0.004
airport-lisbon-1175-44669	airport	airport	0.825	0.001	0.005	0.012	0.000	0.003	0.093	0.046	0.000	0.015
airport-lisbon-1175-44691	airport	airport	0.751	0.000	0.000	0.212	0.000	0.000	0.033	0.004	0.000	0.000
airport-lisbon-1175-44700	airport	airport	0.750	0.001	0.005	0.009	0.000	0.003	0.151	0.068	0.000	0.012
airport-lisbon-1175-44702	airport	airport	0.977	0.000	0.000	0.013	0.000	0.000	0.008	0.002	0.000	0.000
airport-lisbon-1175-44703	shopping_mall	airport	0.476	0.000	0.001	0.007	0.000	0.000	0.506	0.009	0.000	0.001
airport-lisbon-1175-44708	airport	airport	0.912	0.000	0.000	0.056	0.000	0.000	0.029	0.002	0.000	0.001
airport-lisbon-1175-44791	airport	airport	0.603	0.000	0.002	0.007	0.000	0.000	0.335	0.046	0.000	0.006
airport-lisbon-1175-44813	airport	airport	0.649	0.000	0.000	0.002	0.000	0.000	0.342	0.005	0.000	0.001
airport-lisbon-1175-44864	airport	airport	0.737	0.000	0.001	0.004	0.000	0.001	0.161	0.092	0.000	0.003
airport-lisbon-1175-44916	airport	airport	0.823	0.000	0.000	0.170	0.000	0.000	0.005	0.001	0.000	0.001
airport-lisbon-1175-44918	airport	airport	0.983	0.000	0.000	0.011	0.000	0.000	0.004	0.002	0.000	0.000
airport-lisbon-1175-45070	airport	airport	0.849	0.000	0.000	0.131	0.000	0.000	0.018	0.001	0.000	0.001
airport-lisbon-1175-45108	airport	airport	0.759	0.000	0.000	0.226	0.000	0.000	0.013	0.001	0.000	0.001
airport-lisbon-1175-45126	airport	airport	0.717	0.000	0.001	0.251	0.000	0.000	0.025	0.005	0.000	0.001
airport-lisbon-1175-45127	airport	airport	0.851	0.000	0.001	0.133	0.000	0.000	0.011	0.001	0.000	0.002
airport-lisbon-1175-45213	airport	airport	0.746	0.000	0.002	0.211	0.000	0.000	0.030	0.004	0.000	0.007
airport-lisbon-1175-45300	airport	airport	0.973	0.000	0.000	0.012	0.000	0.000	0.014	0.002	0.000	0.000
airport-lisbon-1175-45340	airport	airport	0.673	0.000	0.001	0.293	0.000	0.000	0.024	0.007	0.000	0.002
airport-lisbon-1175-45350	airport	airport	0.680	0.000	0.001	0.290	0.000	0.000	0.026	0.001	0.000	0.002
airport-lisbon-1175-45351	airport	airport	0.677	0.000	0.000	0.303	0.000	0.000	0.018	0.001	0.000	0.001
airport-lisbon-1175-45357	airport	airport	0.548	0.000	0.001	0.438	0.000	0.000	0.009	0.003	0.000	0.001
airport-lisbon-1175-45362	airport	airport	0.643	0.000	0.001	0.290	0.000	0.000	0.062	0.002	0.000	0.001
airport-lisbon-1175-45450	airport	airport	0.531	0.000	0.001	0.451	0.000	0.000	0.012	0.002	0.000	0.003
airport-lisbon-1175-45451	airport	airport	0.846	0.000	0.000	0.144	0.000	0.000	0.005	0.004	0.000	0.000
airport-lisbon-1175-45539	airport	airport	0.982	0.000	0.000	0.008	0.000	0.000	0.008	0.002	0.000	0.000
airport-lisbon-1175-45585	shopping_mall	airport	0.468	0.000	0.002	0.010	0.000	0.000	0.500	0.016	0.000	0.003
airport-lisbon-1175-45593	airport	airport	0.778	0.000	0.001	0.189	0.000	0.000	0.027	0.004	0.000	0.001
airport-lisbon-1175-45692	airport	airport	0.708	0.000	0.001	0.275	0.000	0.000	0.014	0.002	0.000	0.000
airport-lisbon-1175-45707	shopping_mall	airport	0.418	0.000	0.002	0.007	0.000	0.000	0.539	0.027	0.000	0.006
airport-lisbon-1175-45732	airport	airport	0.832	0.000	0.001	0.002	0.000	0.001	0.133	0.029	0.000	0.003
airport-london-205-6178	shopping_mall	airport	0.115	0.001	0.035	0.199	0.001	0.004	0.557	0.077	0.005	0.005
airport-london-205-6179	shopping_mall	airport	0.214	0.000	0.003	0.027	0.001	0.004	0.694	0.053	0.001	0.003
airport-london-205-6180	airport	airport	0.663	0.000	0.003	0.047	0.001	0.007	0.167	0.106	0.001	0.004
airport-london-205-6183	airport	airport	0.712	0.000	0.001	0.007	0.001	0.028	0.054	0.195	0.001	0.001
airport-london-205-6184	airport	airport	0.547	0.000	0.002	0.018	0.002	0.028	0.130	0.269	0.001	0.002
airport-london-205-6186	shopping_mall	airport	0.331	0.000	0.002	0.019	0.001	0.005	0.545	0.088	0.002	0.006
airport-london-205-6189	street_pedestrian	airport	0.252	0.004	0.036	0.126	0.008	0.028	0.121	0.405	0.007	0.014
airport-london-205-6190	airport	airport	0.658	0.000	0.000	0.015	0.000	0.006	0.216	0.104	0.000	0.001
airport-london-205-6191	shopping_mall	airport	0.308	0.000	0.006	0.143	0.001	0.004	0.465	0.066	0.003	0.003
airport-london-205-6192	airport	airport	0.739	0.000	0.001	0.023	0.000	0.014	0.106	0.115	0.001	0.001
airport-london-205-6193	airport	airport	0.394	0.031	0.026	0.050	0.002	0.088	0.061	0.310	0.013	0.024
airport-london-205-6194	airport	airport	0.603	0.002	0.006	0.030	0.001	0.040	0.238	0.070	0.005	0.004
airport-london-205-6195	airport	airport	0.733	0.000	0.003	0.009	0.001	0.030	0.124	0.097	0.001	0.003
airport-london-205-6197	airport	airport	0.650	0.000	0.002	0.010	0.001	0.075	0.105	0.150	0.004	0.002
airport-london-205-6199	shopping_mall	airport	0.197	0.000	0.002	0.017	0.000	0.002	0.740	0.040	0.001	0.001
airport-london-205-6200	airport	airport	0.463	0.001	0.002	0.031	0.002	0.072	0.160	0.262	0.003	0.004
airport-london-205-6202	airport	airport	0.510	0.001	0.012	0.044	0.004	0.010	0.245	0.163	0.002	0.010
airport-london-205-6203	street_pedestrian	airport	0.359	0.006	0.012	0.023	0.019	0.131	0.062	0.361	0.012	0.015
airport-london-205-6204	airport	airport	0.502	0.002	0.017	0.116	0.010	0.030	0.133	0.160	0.016	0.013
airport-london-205-6206	shopping_mall	airport	0.302	0.000	0.004	0.066	0.001	0.004	0.537	0.082	0.002	0.003
airport-london-205-6207	airport	airport	0.503	0.001	0.007	0.028	0.003	0.014	0.199	0.235	0.002	0.007
airport-london-205-6209	airport	airport	0.438	0.001	0.005	0.055	0.002	0.007	0.428	0.057	0.003	0.004
airport-london-205-6210	airport	airport	0.441	0.001	0.007	0.041	0.002	0.020	0.344	0.129	0.006	0.008
airport-london-205-6211	airport	airport	0.433	0.000	0.002	0.016	0.001	0.009	0.351	0.183	0.001	0.004
airport-london-205-6212	shopping_mall	airport	0.235	0.000	0.003	0.035	0.001	0.003	0.652	0.066	0.002	0.004
airport-london-205-6213	airport	airport	0.470	0.002	0.002	0.006	0.001	0.167	0.076	0.269	0.003	0.004
airport-london-205-6214	airport	airport	0.507	0.001	0.003	0.056	0.002	0.062	0.150	0.212	0.006	0.002
airport-london-205-6215	shopping_mall	airport	0.359	0.000	0.006	0.108	0.001	0.006	0.396	0.118	0.003	0.004
airport-london-205-6216	shopping_mall	airport	0.296	0.000	0.003	0.035	0.001	0.007	0.540	0.113	0.003	0.003
airport-london-205-6217	airport	airport	0.487	0.002	0.006	0.017	0.005	0.159	0.066	0.240	0.012	0.007
airport-london-205-6219	airport	airport	0.691	0.000	0.004	0.019	0.001	0.013	0.149	0.116	0.002	0.006
airport-london-205-6220	airport	airport	0.453	0.002	0.008	0.052	0.004	0.031	0.212	0.213	0.012	0.013
airport-london-205-6222	airport	airport	0.644	0.000	0.001	0.016	0.000	0.010	0.227	0.099	0.001	0.002
airport-london-205-6223	airport	airport	0.783	0.001	0.003	0.019	0.001	0.026	0.111	0.050	0.003	0.003
airport-london-205-6224	airport	airport	0.516	0.000	0.001	0.020	0.001	0.040	0.197	0.218	0.002	0.003
airport-london-205-6225	airport	airport	0.366	0.001	0.002	0.035	0.003	0.106	0.182	0.297	0.006	0.003
airport-london-205-6226	street_pedestrian	airport	0.251	0.003	0.017	0.096	0.020	0.095	0.104	0.313	0.085	0.015
airport-london-205-6227	airport	airport	0.723	0.000	0.002	0.030	0.001	0.012	0.098	0.131	0.002	0.003
airport-london-205-6228	airport	airport	0.710	0.000	0.004	0.041	0.001	0.006	0.080	0.148	0.001	0.008
airport-london-205-6229	airport	airport	0.551	0.000	0.002	0.017	0.001	0.035	0.236	0.153	0.002	0.003
airport-london-205-6230	airport	airport	0.452	0.005	0.007	0.021	0.002	0.145	0.039	0.309	0.011	0.008
airport-london-205-6231	shopping_mall	airport	0.285	0.000	0.000	0.005	0.000	0.006	0.651	0.053	0.000	0.000
airport-london-205-6232	airport	airport	0.593	0.001	0.008	0.035	0.005	0.015	0.054	0.280	0.002	0.008
airport-london-205-6233	airport	airport	0.576	0.000	0.001	0.007	0.000	0.009	0.300	0.105	0.000	0.001
airport-london-205-6234	airport	airport	0.454	0.002	0.013	0.087	0.007	0.029	0.217	0.158	0.020	0.014
airport-london-205-6235	airport	airport	0.355	0.005	0.006	0.013	0.005	0.340	0.096	0.164	0.013	0.004
airport-london-205-6236	airport	airport	0.647	0.002	0.007	0.018	0.003	0.057	0.060	0.188	0.007	0.012
airport-lyon-1169-44100	airport	airport	0.846	0.000	0.000	0.001	0.000	0.002	0.069	0.082	0.000	0.000
airport-lyon-1169-44127	airport	airport	0.651	0.000	0.001	0.102	0.000	0.000	0.214	0.031	0.000	0.000
airport-lyon-1169-44227	airport	airport	0.574	0.000	0.000	0.001	0.000	0.009	0.090	0.324	0.000	0.000
airport-lyon-1169-44279	shopping_mall	airport	0.287	0.000	0.001	0.074	0.000	0.001	0.601	0.036	0.000	0.000
airport-lyon-1169-44283	airport	airport	0.949	0.000	0.000	0.001	0.000	0.001	0.023	0.026	0.000	0.000
airport-lyon-1169-44314	shopping_mall	airport	0.384	0.000	0.000	0.020	0.000	0.000	0.573	0.023	0.000	0.000
airport-lyon-1169-44321	airport	airport	0.705	0.000	0.001	0.075	0.000	0.001	0.197	0.022	0.000	0.000
airport-lyon-1169-44330	airport	airport	0.863	0.000	0.000	0.003	0.000	0.000	0.092	0.043	0.000	0.000
airport-lyon-1169-44348	shopping_mall	airport	0.449	0.000	0.000	0.022	0.000	0.000	0.524	0.004	0.000	0.000
airport-lyon-1169-44351	airport	airport	0.733	0.000	0.000	0.005	0.000	0.002	0.148	0.112	0.000	0.000
airport-lyon-1169-44363	airport	airport	0.710	0.000	0.002	0.142	0.000	0.001	0.116	0.027	0.001	0.001
airport-lyon-1169-44387	airport	airport	0.686	0.000	0.000	0.009	0.000	0.000	0.291	0.014	0.000	0.000
airport-lyon-1169-44430	airport	airport	0.960	0.000	0.000	0.000	0.000	0.003	0.016	0.021	0.000	0.000
airport-lyon-1169-44433	airport	airport	0.823	0.000	0.000	0.003	0.000	0.004	0.104	0.065	0.000	0.000
airport-lyon-1169-44434	airport	airport	0.852	0.000	0.000	0.028	0.000	0.000	0.107	0.013	0.000	0.000
airport-lyon-1169-44446	airport	airport	0.526	0.000	0.001	0.055	0.000	0.000	0.399	0.019	0.000	0.000
airport-lyon-1169-44486	airport	airport	0.813	0.000	0.000	0.006	0.000	0.001	0.149	0.030	0.000	0.000
airport-lyon-1169-44497	airport	airport	0.714	0.000	0.000	0.030	0.000	0.000	0.238	0.018	0.000	0.000
airport-lyon-1169-44528	airport	airport	0.922	0.000	0.000	0.004	0.001	0.006	0.026	0.040	0.000	0.000
airport-lyon-1169-44570	airport	airport	0.674	0.000	0.000	0.003	0.000	0.003	0.209	0.111	0.000	0.000
airport-lyon-1169-44738	airport	airport	0.975	0.000	0.000	0.001	0.000	0.001	0.008	0.015	0.000	0.000
airport-lyon-1169-44782	airport	airport	0.806	0.000	0.000	0.014	0.000	0.000	0.174	0.006	0.000	0.000
airport-lyon-1169-44981	airport	airport	0.987	0.000	0.000	0.000	0.000	0.000	0.008	0.004	0.000	0.000
airport-lyon-1169-45068	airport	airport	0.948	0.000	0.000	0.003	0.000	0.005	0.017	0.026	0.000	0.000
airport-lyon-1169-45129	airport	airport	0.634	0.000	0.000	0.021	0.000	0.000	0.313	0.031	0.000	0.000
airport-lyon-1169-45185	airport	airport	0.623	0.000	0.000	0.006	0.001	0.005	0.155	0.211	0.000	0.000
airport-lyon-1169-45263	airport	airport	0.671	0.000	0.000	0.003	0.000	0.001	0.239	0.086	0.000	0.000
airport-lyon-1169-45296	airport	airport	0.988	0.000	0.000	0.000	0.000	0.001	0.004	0.007	0.000	0.000
airport-lyon-1169-45396	airport	airport	0.829	0.000	0.000	0.002	0.000	0.004	0.041	0.124	0.000	0.000
airport-lyon-1169-45487	airport	airport	0.888	0.000	0.000	0.001	0.000	0.014	0.022	0.075	0.000	0.000
airport-lyon-1169-45498	airport	airport	0.785	0.000	0.000	0.001	0.000	0.002	0.102	0.109	0.000	0.000
airport-lyon-1169-45519	airport	airport	0.555	0.000	0.000	0.011	0.000	0.002	0.338	0.095	0.000	0.000
airport-lyon-1169-45560	airport	airport	0.952	0.000	0.000	0.002	0.001	0.007	0.011	0.027	0.000	0.000
airport-lyon-1169-45588	airport	airport	0.848	0.000	0.000	0.003	0.000	0.003	0.065	0.081	0.000	0.000
airport-lyon-1169-45628	airport	airport	0.576	0.000	0.000	0.002	0.000	0.007	0.140	0.275	0.000	0.000
airport-lyon-1169-45672	airport	airport	0.925	0.000	0.000	0.003	0.000	0.003	0.042	0.028	0.000	0.000
airport-milan-1172-44103	airport	airport	0.861	0.000	0.000	0.001	0.000	0.000	0.138	0.001	0.000	0.000
airport-milan-1172-44126	airport	airport	0.713	0.000	0.000	0.001	0.000	0.000	0.284	0.001	0.000	0.000
airport-milan-1172-44205	airport	airport	0.603	0.000	0.000	0.010	0.000	0.008	0.350	0.028	0.000	0.000
airport-milan-1172-44215	airport	airport	0.514	0.000	0.000	0.001	0.000	0.004	0.464	0.016	0.000	0.000
airport-milan-1172-44376	airport	airport	0.721	0.000	0.000	0.000	0.000	0.000	0.278	0.001	0.000	0.000
airport-milan-1172-44409	shopping_mall	airport	0.467	0.000	0.000	0.004	0.000	0.002	0.516	0.011	0.000	0.000
airport-milan-1172-44524	airport	airport	0.739	0.000	0.000	0.002	0.000	0.003	0.236	0.019	0.000	0.000
airport-milan-1172-44533	airport	airport	0.476	0.001	0.008	0.055	0.002	0.021	0.367	0.066	0.003	0.003
airport-milan-1172-44567	shopping_mall	airport	0.374	0.000	0.000	0.003	0.000	0.004	0.606	0.013	0.000	0.000
airport-milan-1172-44586	airport	airport	0.820	0.000	0.000	0.001	0.000	0.000	0.177	0.002	0.000	0.000
airport-milan-1172-44624	airport	airport	0.895	0.000	0.000	0.001	0.000	0.001	0.098	0.004	0.000	0.000
airport-milan-1172-44661	airport	airport	0.958	0.000	0.000	0.000	0.000	0.002	0.034	0.005	0.000	0.000
airport-milan-1172-44687	airport	airport	0.951	0.000	0.000	0.001	0.000	0.001	0.042	0.004	0.000	0.000
airport-milan-1172-44762	airport	airport	0.900	0.000	0.000	0.001	0.000	0.000	0.097	0.003	0.000	0.000
airport-milan-1172-44768	airport	airport	0.919	0.000	0.000	0.000	0.000	0.002	0.075	0.004	0.000	0.000
airport-milan-1172-44819	airport	airport	0.913	0.000	0.000	0.000	0.000	0.001	0.081	0.005	0.000	0.000
airport-milan-1172-44887	airport	airport	0.933	0.000	0.000	0.001	0.000	0.001	0.062	0.003	0.000	0.000
airport-milan-1172-44925	shopping_mall	airport	0.389	0.000	0.000	0.001	0.000	0.005	0.582	0.023	0.000	0.000
airport-milan-1172-45028	airport	airport	0.707	0.000	0.000	0.003	0.000	0.001	0.280	0.008	0.000	0.000
airport-milan-1172-45082	airport	airport	0.856	0.000	0.000	0.001	0.000	0.000	0.141	0.002	0.000	0.000
airport-milan-1172-45119	airport	airport	0.828	0.000	0.000	0.001	0.000	0.000	0.170	0.001	0.000	0.000
airport-milan-1172-45165	airport	airport	0.967	0.000	0.000	0.001	0.000	0.000	0.030	0.002	0.000	0.000
airport-milan-1172-45190	airport	airport	0.836	0.000	0.000	0.001	0.000	0.000	0.161	0.002	0.000	0.000
airport-milan-1172-45214	airport	airport	0.911	0.000	0.000	0.000	0.000	0.000	0.087	0.001	0.000	0.000
airport-milan-1172-45225	airport	airport	0.817	0.000	0.000	0.001	0.000	0.000	0.181	0.001	0.000	0.000
airport-milan-1172-45261	airport	airport	0.840	0.000	0.000	0.000	0.000	0.001	0.153	0.005	0.000	0.000
airport-milan-1172-45320	airport	airport	0.779	0.000	0.000	0.000	0.000	0.000	0.219	0.001	0.000	0.000
airport-milan-1172-45327	shopping_mall	airport	0.407	0.000	0.000	0.003	0.000	0.004	0.570	0.016	0.000	0.000
airport-milan-1172-45355	airport	airport	0.922	0.000	0.000	0.001	0.000	0.003	0.057	0.017	0.000	0.000
airport-milan-1172-45409	shopping_mall	airport	0.218	0.001	0.015	0.056	0.001	0.001	0.697	0.006	0.002	0.004
airport-milan-1172-45420	airport	airport	0.776	0.000	0.000	0.001	0.000	0.000	0.221	0.001	0.000	0.000
airport-milan-1172-45490	airport	airport	0.687	0.000	0.000	0.001	0.000	0.005	0.282	0.025	0.000	0.000
airport-milan-1172-45505	airport	airport	0.958	0.000	0.000	0.001	0.000	0.000	0.041	0.001	0.000	0.000
airport-milan-1172-45645	airport	airport	0.952	0.000	0.000	0.000	0.000	0.000	0.045	0.002	0.000	0.000
airport-milan-1172-45710	airport	airport	0.936	0.000	0.000	0.001	0.000	0.001	0.060	0.003	0.000	0.000
airport-milan-1172-45738	airport	airport	0.839	0.000	0.000	0.001	0.000	0.000	0.158	0.002	0.000	0.000
airport-paris-206-6237	airport	airport	0.640	0.001	0.020	0.236	0.000	0.002	0.041	0.042	0.003	0.016
airport-paris-206-6238	airport	airport	0.597	0.005	0.031	0.223	0.001	0.007	0.028	0.074	0.008	0.026
airport-paris-206-6239	metro_station	airport	0.377	0.004	0.067	0.409	0.001	0.003	0.036	0.038	0.006	0.059
airport-paris-206-6240	metro_station	airport	0.284	0.003	0.076	0.424	0.001	0.003	0.067	0.068	0.004	0.070
airport-paris-206-6241	metro_station	airport	0.164	0.004	0.020	0.742	0.000	0.001	0.013	0.014	0.010	0.033
airport-paris-206-6242	airport	airport	0.366	0.003	0.044	0.351	0.000	0.003	0.114	0.077	0.003	0.039
airport-paris-206-6243	airport	airport	0.612	0.006	0.020	0.180	0.001	0.012	0.081	0.055	0.018	0.016
airport-paris-206-6244	metro_station	airport	0.287	0.001	0.019	0.624	0.000	0.000	0.022	0.013	0.004	0.029
airport-paris-206-6245	airport	airport	0.499	0.009	0.055	0.307	0.001	0.009	0.027	0.052	0.012	0.027
airport-paris-206-6246	airport	airport	0.720	0.010	0.013	0.101	0.001	0.019	0.075	0.037	0.014	0.010
airport-paris-206-6247	street_traffic	airport	0.120	0.108	0.019	0.080	0.002	0.163	0.005	0.074	0.414	0.015
airport-paris-206-6248	metro_station	airport	0.234	0.005	0.085	0.544	0.000	0.002	0.050	0.044	0.005	0.031
airport-paris-206-6249	airport	airport	0.722	0.004	0.010	0.135	0.001	0.012	0.062	0.033	0.012	0.010
airport-paris-206-6250	metro_station	airport	0.099	0.001	0.019	0.852	0.000	0.000	0.005	0.007	0.003	0.014
airport-paris-206-6251	metro_station	airport	0.160	0.003	0.026	0.745	0.000	0.002	0.003	0.024	0.016	0.021
airport-paris-206-6252	metro_station	airport	0.205	0.004	0.094	0.537	0.000	0.002	0.060	0.041	0.004	0.054
airport-paris-206-6253	metro_station	airport	0.167	0.004	0.025	0.719	0.000	0.001	0.024	0.014	0.009	0.037
airport-paris-206-6254	metro_station	airport	0.347	0.002	0.041	0.373	0.000	0.002	0.138	0.071	0.002	0.023
airport-paris-206-6255	street_pedestrian	airport	0.192	0.124	0.040	0.089	0.002	0.162	0.009	0.243	0.114	0.024
airport-paris-206-6256	street_traffic	airport	0.183	0.100	0.034	0.112	0.003	0.093	0.012	0.041	0.405	0.017
airport-paris-206-6257	metro_station	airport	0.209	0.002	0.015	0.701	0.000	0.001	0.018	0.021	0.005	0.027
airport-paris-206-6258	airport	airport	0.462	0.005	0.041	0.314	0.001	0.007	0.018	0.105	0.019	0.028
airport-paris-206-6259	street_traffic	airport	0.104	0.153	0.040	0.192	0.002	0.099	0.011	0.044	0.334	0.021
airport-paris-206-6260	airport	airport	0.661	0.016	0.013	0.071	0.001	0.074	0.016	0.116	0.021	0.012
airport-paris-206-6261	metro_station	airport	0.083	0.012	0.044	0.762	0.000	0.002	0.008	0.012	0.020	0.058
airport-paris-206-6262	metro_station	airport	0.059	0.002	0.022	0.884	0.000	0.001	0.002	0.011	0.005	0.013
airport-paris-206-6263	metro_station	airport	0.056	0.017	0.065	0.730	0.000	0.002	0.005	0.011	0.041	0.072
airport-paris-206-6264	airport	airport	0.807	0.005	0.008	0.058	0.001	0.035	0.008	0.049	0.018	0.011
airport-paris-206-6265	airport	airport	0.759	0.004	0.011	0.101	0.001	0.015	0.040	0.049	0.012	0.008
airport-paris-206-6266	metro_station	airport	0.090	0.006	0.036	0.776	0.000	0.002	0.003	0.013	0.033	0.041
airport-paris-206-6267	street_traffic	airport	0.122	0.036	0.012	0.091	0.001	0.090	0.005	0.039	0.598	0.006
airport-paris-206-6268	metro_station	airport	0.231	0.004	0.024	0.653	0.000	0.001	0.027	0.011	0.019	0.028
airport-paris-206-6269	metro_station	airport	0.087	0.006	0.034	0.791	0.000	0.002	0.002	0.012	0.028	0.038
airport-paris-206-6270	metro_station	airport	0.013	0.070	0.095	0.682	0.000	0.001	0.001	0.005	0.048	0.085
airport-paris-206-6271	street_traffic	airport	0.124	0.038	0.011	0.065	0.001	0.087	0.003	0.041	0.625	0.006
airport-paris-206-6272	metro_station	airport	0.283	0.007	0.061	0.480	0.001	0.005	0.040	0.068	0.008	0.046
airport-paris-206-6273	metro_station	airport	0.131	0.000	0.011	0.823	0.000	0.000	0.019	0.006	0.001	0.008
airport-paris-206-6274	metro_station	airport	0.219	0.001	0.022	0.695	0.000	0.001	0.004	0.030	0.004	0.024
airport-paris-206-6275	airport	airport	0.820	0.001	0.004	0.032	0.000	0.003	0.112	0.019	0.002	0.005
airport-paris-206-6276	metro_station	airport	0.168	0.002	0.024	0.739	0.000	0.001	0.014	0.015	0.004	0.033
airport-paris-206-6277	metro_station	airport	0.042	0.003	0.024	0.899	0.000	0.000	0.003	0.004	0.009	0.017
airport-paris-206-6278	airport	airport	0.471	0.041	0.022	0.118	0.003	0.089	0.031	0.055	0.150	0.020
airport-paris-206-6279	metro_station	airport	0.210	0.028	0.145	0.393	0.002	0.013	0.012	0.070	0.012	0.114
airport-paris-206-6280	metro_station	airport	0.215	0.037	0.109	0.412	0.002	0.008	0.011	0.058	0.022	0.126
airport-paris-206-6281	airport	airport	0.584	0.013	0.021	0.147	0.001	0.017	0.127	0.047	0.015	0.027
airport-paris-206-6282	airport	airport	0.294	0.085	0.059	0.222	0.003	0.077	0.023	0.093	0.112	0.034
airport-prague-1173-44104	airport	airport	0.982	0.000	0.000	0.000	0.000	0.000	0.018	0.000	0.000	0.000
airport-prague-1173-44309	airport	airport	0.963	0.000	0.000	0.005	0.000	0.000	0.031	0.001	0.000	0.000
airport-prague-1173-44354	airport	airport	0.985	0.000	0.000	0.000	0.000	0.000	0.013	0.000	0.000	0.000
airport-prague-1173-44397	airport	airport	0.969	0.000	0.000	0.002	0.000	0.000	0.029	0.000	0.000	0.000
airport-prague-1173-44425	airport	airport	0.956	0.000	0.000	0.005	0.000	0.000	0.036	0.001	0.000	0.000
airport-prague-1173-44592	airport	airport	0.925	0.000	0.000	0.009	0.000	0.000	0.065	0.001	0.000	0.000
airport-prague-1173-44620	airport	airport	0.940	0.000	0.000	0.002	0.000	0.000	0.057	0.000	0.000	0.000
airport-prague-1173-44705	airport	airport	0.948	0.000	0.001	0.017	0.000	0.001	0.025	0.007	0.000	0.000
airport-prague-1173-44800	airport	airport	0.972	0.000	0.000	0.001	0.000	0.000	0.026	0.000	0.000	0.000
airport-prague-1173-44812	airport	airport	0.950	0.000	0.000	0.000	0.000	0.000	0.050	0.000	0.000	0.000
airport-prague-1173-44843	airport	airport	0.964	0.000	0.000	0.001	0.000	0.000	0.036	0.000	0.000	0.000
airport-prague-1173-44938	airport	airport	0.956	0.000	0.000	0.006	0.000	0.000	0.037	0.001	0.000	0.000
airport-prague-1173-44997	airport	airport	0.988	0.000	0.000	0.000	0.000	0.000	0.011	0.000	0.000	0.000
airport-prague-1173-45032	airport	airport	0.977	0.000	0.000	0.001	0.000	0.000	0.022	0.000	0.000	0.000
airport-prague-1173-45158	airport	airport	0.798	0.000	0.000	0.003	0.000	0.000	0.199	0.001	0.000	0.000
airport-prague-1173-45201	airport	airport	0.990	0.000	0.000	0.001	0.000	0.000	0.009	0.000	0.000	0.000
airport-prague-1173-45299	airport	airport	0.985	0.000	0.000	0.001	0.000	0.000	0.013	0.000	0.000	0.000
airport-prague-1173-45336	airport	airport	0.994	0.000	0.000	0.000	0.000	0.000	0.006	0.000	0.000	0.000
airport-prague-1173-45405	airport	airport	0.979	0.000	0.000	0.001	0.000	0.000	0.020	0.000	0.000	0.000
airport-prague-1173-45485	airport	airport	0.986	0.000	0.000	0.001	0.000	0.000	0.013	0.000	0.000	0.000
airport-prague-1173-45640	airport	airport	0.976	0.000	0.000	0.000	0.000	0.000	0.023	0.000	0.000	0.000
airport-prague-1173-45679	airport	airport	0.821	0.000	0.000	0.003	0.000	0.000	0.176	0.001	0.000	0.000
airport-prague-1173-45722	airport	airport	0.979	0.000	0.000	0.000	0.000	0.000	0.020	0.000	0.000	0.000
airport-prague-1173-45742	airport	airport	0.993	0.000	0.000	0.000	0.000	0.000	0.006	0.000	0.000	0.000
airport-prague-1195-44142	airport	airport	0.870	0.000	0.000	0.000	0.000	0.001	0.128	0.001	0.000	0.000
airport-prague-1195-44149	airport	airport	0.667	0.000	0.001	0.013	0.000	0.000	0.308	0.011	0.000	0.000
airport-prague-1195-44169	shopping_mall	airport	0.206	0.000	0.000	0.029	0.000	0.000	0.760	0.004	0.000	0.000
airport-prague-1195-44218	airport	airport	0.572	0.000	0.000	0.002	0.000	0.000	0.424	0.002	0.000	0.000
airport-prague-1195-44333	shopping_mall	airport	0.116	0.000	0.000	0.003	0.000	0.000	0.877	0.004	0.000	0.000
airport-prague-1195-44426	airport	airport	0.823	0.000	0.000	0.012	0.000	0.000	0.161	0.003	0.000	0.000
airport-prague-1195-44435	airport	airport	0.657	0.000	0.000	0.033	0.000	0.002	0.301	0.006	0.001	0.000
airport-prague-1195-44824	airport	airport	0.933	0.000	0.000	0.001	0.000	0.002	0.063	0.001	0.000	0.000
airport-prague-1195-44928	airport	airport	0.545	0.000	0.001	0.012	0.000	0.000	0.423	0.019	0.000	0.000
airport-prague-1195-44947	airport	airport	0.950	0.000	0.000	0.001	0.000	0.001	0.047	0.001	0.000	0.000
airport-prague-1195-45063	airport	airport	0.678	0.000	0.000	0.019	0.000	0.000	0.301	0.002	0.000	0.000
airport-prague-1195-45065	airport	airport	0.498	0.000	0.001	0.043	0.000	0.000	0.454	0.004	0.000	0.000
airport-prague-1195-45096	airport	airport	0.856	0.000	0.000	0.005	0.000	0.000	0.138	0.002	0.000	0.000
airport-prague-1195-45109	airport	airport	0.947	0.000	0.000	0.000	0.000	0.003	0.048	0.002	0.000	0.000
airport-prague-1195-45260	airport	airport	0.755	0.000	0.000	0.003	0.000	0.000	0.236	0.005	0.000	0.000
airport-prague-1195-45265	shopping_mall	airport	0.300	0.000	0.000	0.002	0.000	0.000	0.696	0.001	0.000	0.000
airport-prague-1195-45312	airport	airport	0.595	0.000	0.000	0.003	0.000	0.000	0.396	0.006	0.000	0.000
airport-prague-1195-45537	airport	airport	0.661	0.000	0.000	0.016	0.000	0.000	0.321	0.001	0.000	0.000
airport-prague-1195-45597	airport	airport	0.490	0.000	0.002	0.020	0.000	0.000	0.459	0.028	0.000	0.001
airport-prague-1195-45657	airport	airport	0.631	0.000	0.001	0.011	0.000	0.000	0.344	0.014	0.000	0.000
airport-prague-1195-45704	shopping_mall	airport	0.238	0.000	0.001	0.008	0.000	0.000	0.734	0.017	0.000	0.001
airport-prague-1195-45749	airport	airport	0.950	0.000	0.000	0.001	0.000	0.003	0.044	0.002	0.000	0.000
airport-prague-1195-45752	airport	airport	0.598	0.000	0.001	0.008	0.000	0.000	0.348	0.044	0.000	0.000
airport-prague-1195-45754	airport	airport	0.820	0.000	0.000	0.015	0.000	0.000	0.163	0.002	0.000	0.000
airport-stockholm-208-6315	airport	airport	0.818	0.000	0.002	0.064	0.000	0.000	0.080	0.035	0.000	0.001
airport-stockholm-208-6316	airport	airport	0.848	0.000	0.007	0.020	0.000	0.000	0.113	0.007	0.000	0.005
airport-stockholm-208-6317	airport	airport	0.935	0.000	0.001	0.022	0.000	0.000	0.021	0.019	0.000	0.001
airport-stockholm-208-6318	airport	airport	0.924	0.000	0.001	0.018	0.000	0.000	0.055	0.003	0.000	0.000
airport-stockholm-208-6319	airport	airport	0.798	0.000	0.003	0.053	0.000	0.001	0.080	0.061	0.001	0.003
airport-stockholm-208-6320	airport	airport	0.843	0.000	0.001	0.042	0.000	0.000	0.101	0.012	0.000	0.000
airport-stockholm-208-6321	airport	airport	0.949	0.000	0.001	0.005	0.000	0.000	0.031	0.014	0.000	0.000
airport-stockholm-208-6322	airport	airport	0.911	0.000	0.001	0.014	0.000	0.000	0.070	0.004	0.000	0.000
airport-stockholm-208-6323	airport	airport	0.951	0.000	0.000	0.003	0.000	0.000	0.023	0.022	0.000	0.000
airport-stockholm-208-6324	airport	airport	0.935	0.000	0.001	0.021	0.000	0.000	0.040	0.002	0.000	0.000
airport-stockholm-208-6325	airport	airport	0.966	0.000	0.001	0.010	0.000	0.000	0.020	0.003	0.000	0.000
airport-stockholm-208-6326	airport	airport	0.824	0.000	0.003	0.077	0.000	0.000	0.089	0.006	0.000	0.000
airport-stockholm-208-6327	airport	airport	0.720	0.000	0.006	0.141	0.000	0.001	0.097	0.031	0.001	0.003
airport-stockholm-208-6328	airport	airport	0.919	0.000	0.002	0.016	0.000	0.000	0.059	0.003	0.000	0.001
airport-stockholm-208-6329	airport	airport	0.939	0.000	0.001	0.019	0.000	0.000	0.036	0.004	0.000	0.001
airport-stockholm-208-6330	airport	airport	0.939	0.000	0.001	0.021	0.000	0.000	0.036	0.003	0.000	0.000
airport-stockholm-208-6331	airport	airport	0.940	0.000	0.002	0.031	0.000	0.000	0.019	0.007	0.000	0.000
airport-stockholm-208-6332	airport	airport	0.928	0.000	0.001	0.017	0.000	0.000	0.053	0.001	0.000	0.000
airport-stockholm-208-6333	airport	airport	0.962	0.000	0.001	0.015	0.000	0.000	0.021	0.002	0.000	0.000
airport-stockholm-208-6334	airport	airport	0.972	0.000	0.000	0.007	0.000	0.000	0.020	0.001	0.000	0.000
airport-stockholm-208-6335	airport	airport	0.968	0.000	0.000	0.010	0.000	0.000	0.021	0.002	0.000	0.000
airport-stockholm-208-6336	airport	airport	0.775	0.000	0.002	0.101	0.000	0.000	0.103	0.017	0.000	0.001
airport-stockholm-208-6337	airport	airport	0.946	0.000	0.000	0.006	0.000	0.000	0.014	0.032	0.000	0.001
airport-stockholm-208-6338	airport	airport	0.934	0.000	0.001	0.010	0.000	0.000	0.053	0.003	0.000	0.000
airport-stockholm-208-6339	airport	airport	0.887	0.000	0.001	0.028	0.000	0.000	0.066	0.016	0.000	0.000
airport-stockholm-208-6340	airport	airport	0.973	0.000	0.000	0.008	0.000	0.000	0.018	0.002	0.000	0.000
airport-stockholm-208-6341	airport	airport	0.925	0.000	0.002	0.029	0.000	0.000	0.035	0.006	0.000	0.002
airport-stockholm-208-6342	airport	airport	0.945	0.000	0.003	0.022	0.000	0.000	0.024	0.006	0.000	0.000
airport-stockholm-208-6343	airport	airport	0.946	0.000	0.001	0.014	0.000	0.000	0.023	0.015	0.000	0.001
airport-stockholm-208-6344	airport	airport	0.525	0.000	0.002	0.075	0.000	0.000	0.376	0.020	0.000	0.001
airport-stockholm-208-6345	airport	airport	0.629	0.000	0.002	0.062	0.000	0.000	0.255	0.051	0.000	0.001
airport-stockholm-208-6346	airport	airport	0.919	0.000	0.001	0.029	0.000	0.000	0.047	0.003	0.000	0.001
bus-barcelona-210-6387	tram	bus	0.002	0.103	0.060	0.008	0.005	0.001	0.000	0.006	0.001	0.814
bus-barcelona-210-6388	tram	bus	0.000	0.343	0.054	0.001	0.001	0.000	0.000	0.000	0.001	0.600
bus-barcelona-210-6389	bus	bus	0.000	0.666	0.034	0.001	0.004	0.000	0.000	0.000	0.001	0.293
bus-barcelona-210-6390	tram	bus	0.000	0.202	0.024	0.001	0.004	0.000	0.000	0.001	0.001	0.768
bus-barcelona-210-6391	bus	bus	0.000	0.497	0.110	0.003	0.006	0.000	0.001	0.000	0.007	0.376
bus-barcelona-210-6392	bus	bus	0.000	0.806	0.108	0.004	0.001	0.000	0.001	0.000	0.007	0.072
bus-barcelona-210-6393	bus	bus	0.003	0.418	0.352	0.025	0.006	0.003	0.012	0.002	0.036	0.142
bus-barcelona-210-6394	tram	bus	0.001	0.216	0.202	0.018	0.007	0.001	0.003	0.002	0.004	0.547
bus-barcelona-210-6395	bus	bus	0.000	0.847	0.010	0.000	0.000	0.000	0.000	0.000	0.000	0.142
bus-barcelona-210-6396	tram	bus	0.000	0.150	0.058	0.002	0.001	0.000	0.000	0.000	0.000	0.789
bus-barcelona-210-6397	bus	bus	0.000	0.826	0.089	0.002	0.000	0.000	0.000	0.000	0.001	0.080
bus-barcelona-210-6398	tram	bus	0.000	0.237	0.030	0.001	0.004	0.000	0.000	0.000	0.001	0.727
bus-barcelona-210-6399	bus	bus	0.001	0.519	0.193	0.014	0.003	0.001	0.010	0.001	0.011	0.249
bus-barcelona-210-6400	bus	bus	0.000	0.522	0.189	0.003	0.007	0.001	0.001	0.001	0.004	0.274
bus-barcelona-210-6401	metro	bus	0.001	0.338	0.385	0.030	0.008	0.001	0.005	0.002	0.021	0.210
bus-barcelona-210-6402	bus	bus	0.000	0.609	0.075	0.002	0.001	0.000	0.000	0.000	0.001	0.312
bus-barcelona-210-6403	bus	bus	0.000	0.608	0.169	0.009	0.001	0.000	0.003	0.001	0.004	0.205
bus-barcelona-210-6404	tram	bus	0.000	0.333	0.099	0.005	0.003	0.000	0.000	0.001	0.002	0.559
bus-barcelona-210-6405	tram	bus	0.000	0.307	0.024	0.000	0.006	0.000	0.000	0.001	0.000	0.661
bus-barcelona-210-6406	bus	bus	0.000	0.586	0.149	0.006	0.002	0.000	0.001	0.000	0.003	0.253
bus-barcelona-210-6407	bus	bus	0.000	0.484	0.032	0.000	0.002	0.000	0.000	0.000	0.000	0.480
bus-barcelona-210-6408	bus	bus	0.000	0.731	0.076	0.005	0.001	0.000	0.000	0.000	0.004	0.182
bus-barcelona-210-6409	bus	bus	0.000	0.940	0.036	0.002	0.000	0.000	0.000	0.000	0.002	0.020
bus-barcelona-210-6410	bus	bus	0.000	0.675	0.017	0.000	0.001	0.000	0.000	0.000	0.000	0.307
bus-barcelona-210-6411	tram	bus	0.000	0.080	0.030	0.001	0.003	0.000	0.000	0.001	0.000	0.885
bus-barcelona-210-6412	tram	bus	0.000	0.215	0.042	0.000	0.005	0.000	0.000	0.001	0.000	0.736
bus-barcelona-210-6413	bus	bus	0.000	0.583	0.056	0.001	0.001	0.000	0.000	0.000	0.002	0.356
bus-barcelona-210-6414	bus	bus	0.000	0.697	0.117	0.002	0.003	0.000	0.001	0.000	0.004	0.176
bus-barcelona-210-6415	bus	bus	0.000	0.490	0.228	0.009	0.001	0.000	0.001	0.000	0.002	0.268
bus-barcelona-210-6416	bus	bus	0.000	0.724	0.088	0.003	0.001	0.000	0.001	0.000	0.003	0.179
bus-barcelona-210-6417	bus	bus	0.000	0.622	0.034	0.002	0.002	0.001	0.000	0.000	0.001	0.337
bus-barcelona-210-6418	tram	bus	0.000	0.207	0.024	0.001	0.005	0.000	0.000	0.001	0.000	0.762
bus-barcelona-210-6419	bus	bus	0.000	0.573	0.030	0.000	0.003	0.000	0.000	0.000	0.001	0.392
bus-barcelona-210-6420	bus	bus	0.000	0.796	0.086	0.003	0.001	0.000	0.001	0.000	0.004	0.109
bus-barcelona-210-6421	bus	bus	0.000	0.487	0.219	0.001	0.003	0.000	0.000	0.000	0.003	0.285
bus-barcelona-210-6422	tram	bus	0.000	0.446	0.091	0.004	0.001	0.000	0.000	0.000	0.001	0.456
bus-helsinki-211-6424	bus	bus	0.000	0.816	0.143	0.004	0.000	0.000	0.001	0.000	0.023	0.012
bus-helsinki-211-6425	bus	bus	0.000	0.784	0.027	0.001	0.001	0.000	0.000	0.000	0.001	0.185
bus-helsinki-211-6426	bus	bus	0.000	0.979	0.003	0.001	0.000	0.000	0.000	0.000	0.005	0.010
bus-helsinki-211-6427	bus	bus	0.000	0.691	0.102	0.002	0.005	0.001	0.001	0.001	0.008	0.189
bus-helsinki-211-6428	bus	bus	0.000	0.811	0.140	0.004	0.000	0.000	0.002	0.001	0.020	0.022
bus-helsinki-211-6429	bus	bus	0.000	0.478	0.248	0.007	0.003	0.001	0.002	0.003	0.012	0.248
bus-helsinki-211-6430	bus	bus	0.000	0.982	0.002	0.000	0.000	0.001	0.000	0.000	0.003	0.012
bus-helsinki-211-6431	bus	bus	0.000	0.782	0.048	0.000	0.000	0.000	0.000	0.000	0.001	0.168
bus-helsinki-211-6433	bus	bus	0.000	0.948	0.006	0.001	0.001	0.002	0.000	0.000	0.018	0.022
bus-helsinki-211-6434	bus	bus	0.000	0.866	0.019	0.002	0.004	0.001	0.000	0.000	0.023	0.085
bus-helsinki-211-6435	bus	bus	0.000	0.913	0.018	0.008	0.001	0.003	0.000	0.001	0.017	0.037
bus-helsinki-211-6436	bus	bus	0.000	0.968	0.004	0.001	0.001	0.000	0.000	0.000	0.009	0.017
bus-helsinki-211-6437	bus	bus	0.000	0.432	0.217	0.004	0.005	0.001	0.001	0.002	0.006	0.332
bus-helsinki-211-6438	bus	bus	0.000	0.928	0.039	0.003	0.000	0.001	0.000	0.000	0.016	0.011
bus-helsinki-211-6439	bus	bus	0.000	0.579	0.104	0.001	0.004	0.001	0.000	0.001	0.005	0.304
bus-helsinki-211-6440	bus	bus	0.000	0.668	0.029	0.001	0.002	0.001	0.000	0.001	0.002	0.295
bus-helsinki-211-6442	bus	bus	0.000	0.847	0.111	0.004	0.000	0.000	0.001	0.000	0.025	0.011
bus-helsinki-211-6443	bus	bus	0.000	0.878	0.014	0.001	0.007	0.002	0.000	0.000	0.008	0.090
bus-helsinki-211-6444	bus	bus	0.000	0.884	0.016	0.004	0.003	0.002	0.000	0.001	0.018	0.072
bus-helsinki-211-6445	bus	bus	0.000	0.613	0.201	0.004	0.004	0.002	0.002	0.003	0.012	0.160
bus-helsinki-211-6448	bus	bus	0.000	0.656	0.056	0.001	0.001	0.000	0.000	0.001	0.002	0.282
bus-helsinki-211-6449	bus	bus	0.000	0.894	0.016	0.003	0.003	0.002	0.000	0.000	0.020	0.061
bus-helsinki-211-6450	bus	bus	0.000	0.900	0.011	0.001	0.001	0.001	0.000	0.000	0.003	0.083
bus-helsinki-211-6452	bus	bus	0.000	0.670	0.072	0.002	0.003	0.001	0.001	0.002	0.007	0.241
bus-helsinki-211-6453	bus	bus	0.000	0.961	0.004	0.000	0.002	0.001	0.000	0.000	0.008	0.023
bus-helsinki-211-6454	bus	bus	0.000	0.984	0.004	0.000	0.000	0.001	0.000	0.000	0.004	0.008
bus-helsinki-211-6455	bus	bus	0.000	0.989	0.002	0.000	0.000	0.001	0.000	0.000	0.004	0.005
bus-helsinki-211-6457	bus	bus	0.000	0.858	0.111	0.003	0.000	0.000	0.001	0.000	0.017	0.008
bus-helsinki-211-6458	bus	bus	0.000	0.950	0.003	0.000	0.002	0.001	0.000	0.000	0.007	0.037
bus-helsinki-211-6459	bus	bus	0.002	0.681	0.095	0.051	0.005	0.009	0.002	0.003	0.087	0.066
bus-helsinki-211-6460	bus	bus	0.000	0.580	0.081	0.002	0.003	0.001	0.001	0.001	0.004	0.328
bus-helsinki-211-6461	bus	bus	0.000	0.894	0.016	0.000	0.001	0.000	0.000	0.000	0.001	0.087
bus-helsinki-211-6464	bus	bus	0.000	0.972	0.004	0.001	0.001	0.001	0.000	0.000	0.010	0.012
bus-helsinki-211-6465	bus	bus	0.000	0.885	0.026	0.001	0.002	0.000	0.000	0.000	0.002	0.084
bus-helsinki-211-6466	bus	bus	0.000	0.970	0.005	0.001	0.001	0.001	0.000	0.000	0.011	0.011
bus-lisbon-1212-44206	bus	bus	0.002	0.654	0.020	0.002	0.002	0.003	0.003	0.001	0.005	0.309
bus-lisbon-1212-44271	bus	bus	0.000	0.978	0.003	0.000	0.001	0.001	0.000	0.000	0.001	0.016
bus-lisbon-1212-44366	bus	bus	0.000	0.940	0.015	0.000	0.002	0.001	0.001	0.001	0.011	0.029
bus-lisbon-1212-44406	bus	bus	0.000	0.888	0.009	0.001	0.004	0.002	0.000	0.000	0.012	0.083
bus-lisbon-1212-44414	bus	bus	0.016	0.490	0.142	0.032	0.002	0.002	0.066	0.003	0.036	0.211
bus-lisbon-1212-44463	bus	bus	0.000	0.921	0.012	0.001	0.002	0.002	0.002	0.000	0.011	0.049
bus-lisbon-1212-44498	bus	bus	0.000	0.970	0.007	0.000	0.002	0.004	0.001	0.001	0.004	0.010
bus-lisbon-1212-44531	bus	bus	0.000	0.945	0.006	0.000	0.002	0.001	0.000	0.000	0.004	0.042
bus-lisbon-1212-45080	bus	bus	0.000	0.968	0.003	0.000	0.002	0.001	0.000	0.000	0.002	0.023
bus-lisbon-1212-45457	bus	bus	0.008	0.550	0.084	0.024	0.002	0.002	0.041	0.004	0.014	0.272
bus-lisbon-1212-45534	bus	bus	0.003	0.540	0.028	0.003	0.002	0.002	0.010	0.001	0.006	0.405
bus-lisbon-1212-45548	bus	bus	0.002	0.842	0.042	0.003	0.005	0.009	0.023	0.003	0.027	0.044
bus-lisbon-1212-45601	bus	bus	0.000	0.973	0.010	0.000	0.001	0.002	0.002	0.002	0.004	0.006
bus-lisbon-1212-45715	bus	bus	0.001	0.752	0.019	0.001	0.001	0.001	0.003	0.001	0.003	0.217
bus-lisbon-1223-44393	bus	bus	0.000	0.941	0.045	0.001	0.000	0.000	0.000	0.000	0.001	0.011
bus-lisbon-1223-44407	bus	bus	0.000	0.974	0.010	0.000	0.000	0.000	0.000	0.000	0.001	0.014
bus-lisbon-1223-44429	bus	bus	0.000	0.912	0.029	0.001	0.000	0.000	0.000	0.000	0.001	0.057
bus-lisbon-1223-44483	bus	bus	0.000	0.839	0.120	0.002	0.000	0.000	0.000	0.000	0.001	0.037
bus-lisbon-1223-44593	bus	bus	0.000	0.892	0.097	0.000	0.000	0.000	0.000	0.000	0.001	0.009
bus-lisbon-1223-44619	bus	bus	0.000	0.922	0.056	0.000	0.000	0.000	0.000	0.000	0.001	0.021
bus-lisbon-1223-44695	bus	bus	0.000	0.974	0.016	0.000	0.000	0.000	0.000	0.000	0.001	0.007
bus-lisbon-1223-44799	bus	bus	0.000	0.985	0.010	0.000	0.000	0.000	0.000	0.000	0.001	0.004
bus-lisbon-1223-45057	bus	bus	0.000	0.872	0.110	0.002	0.000	0.000	0.000	0.000	0.002	0.014
bus-lisbon-1223-45220	bus	bus	0.000	0.954	0.024	0.001	0.000	0.000	0.000	0.000	0.001	0.018
bus-lisbon-1223-45244	bus	bus	0.000	0.795	0.147	0.005	0.000	0.000	0.000	0.000	0.002	0.051
bus-lisbon-1223-45639	bus	bus	0.000	0.916	0.051	0.001	0.000	0.000	0.000	0.000	0.002	0.029
bus-lisbon-1223-45689	bus	bus	0.000	0.853	0.109	0.002	0.001	0.001	0.000	0.000	0.005	0.029
bus-lisbon-1226-44491	bus	bus	0.000	0.673	0.013	0.001	0.000	0.000	0.000	0.000	0.000	0.312
bus-lisbon-1226-44523	tram	bus	0.000	0.208	0.025	0.003	0.000	0.000	0.000	0.001	0.000	0.764
bus-lisbon-1226-44601	bus	bus	0.000	0.754	0.023	0.000	0.000	0.000	0.000	0.000	0.000	0.222
bus-lisbon-1226-44607	bus	bus	0.000	0.953	0.001	0.000	0.000	0.000	0.000	0.000	0.000	0.045
bus-lisbon-1226-44871	bus	bus	0.000	0.981	0.001	0.000	0.000	0.000	0.000	0.000	0.000	0.018
bus-lisbon-1226-45035	bus	bus	0.000	0.736	0.010	0.000	0.000	0.000	0.000	0.000	0.000	0.254
bus-lisbon-1226-45078	bus	bus	0.000	0.777	0.009	0.000	0.000	0.000	0.000	0.000	0.000	0.214
bus-lisbon-1226-45085	tram	bus	0.000	0.183	0.334	0.001	0.000	0.000	0.000	0.001	0.000	0.481
bus-lisbon-1226-45095	bus	bus	0.000	0.639	0.029	0.000	0.000	0.000	0.000	0.000	0.000	0.332
bus-lisbon-1226-45100	bus	bus	0.000	0.679	0.045	0.000	0.000	0.000	0.000	0.000	0.000	0.276
bus-lisbon-1226-45496	tram	bus	0.000	0.380	0.051	0.004	0.000	0.000	0.000	0.001	0.000	0.564
bus-lisbon-1226-45544	tram	bus	0.000	0.191	0.292	0.000	0.000	0.000	0.000	0.000	0.000	0.517
bus-lisbon-1226-45632	tram	bus	0.000	0.278	0.029	0.000	0.000	0.000	0.000	0.000	0.000	0.692
bus-lisbon-1226-45756	bus	bus	0.000	0.743	0.007	0.000	0.000	0.000	0.000	0.000	0.001	0.248
bus-lyon-1177-44109	bus	bus	0.000	0.974	0.008	0.000	0.000	0.000	0.000	0.000	0.000	0.018
bus-lyon-1177-44129	bus	bus	0.000	0.985	0.005	0.000	0.000	0.000	0.000	0.000	0.000	0.010
bus-lyon-1177-44159	bus	bus	0.000	0.983	0.008	0.000	0.000	0.000	0.000	0.000	0.000	0.009
bus-lyon-1177-44178	bus	bus	0.000	0.967	0.003	0.000	0.000	0.001	0.000	0.000	0.000	0.028
bus-lyon-1177-44264	bus	bus	0.001	0.621	0.009	0.001	0.002	0.001	0.000	0.000	0.001	0.365
bus-lyon-1177-44268	bus	bus	0.000	0.958	0.010	0.000	0.000	0.000	0.000	0.000	0.000	0.032
bus-lyon-1177-44565	bus	bus	0.000	0.953	0.006	0.000	0.000	0.000	0.000	0.000	0.000	0.040
bus-lyon-1177-44753	bus	bus	0.000	0.596	0.015	0.000	0.003	0.001	0.000	0.001	0.000	0.384
bus-lyon-1177-44874	bus	bus	0.000	0.684	0.011	0.000	0.000	0.000	0.000	0.000	0.000	0.304
bus-lyon-1177-45193	bus	bus	0.000	0.997	0.001	0.000	0.000	0.000	0.000	0.000	0.000	0.002
bus-lyon-1177-45275	bus	bus	0.000	0.668	0.044	0.000	0.011	0.001	0.000	0.001	0.001	0.273
